2981919237
2981919236
2981919239
2981919235
1273499641
1273635442
1273733186
1418831028
1273987607
2981888399
2981888398
2991672834
2981888397
2991671332
1843102399
589642520
4108098781
316802235
1451644705
1451644703
1451644702
316803497
1836213617
316803496
1836213614
316803495
1836204830
1273737524
4341297234
499773065
499751496
2055553808
4560312095
499719142
499717867
4560312100
1836204828
4336181132
1273936472
4336181133
1273491162
1396409148
1273868042
5481855554
1273631591
1273729943
1396409161
1396409162
1273834288
5485869406
4343733650
1273785344
4343734216
1273508663
1396409156
1396409157
1396409158
4343733644
1273724868
1273714420
5398651392
1396409200
1273520345
1396409189
4326046900
1396409196
5398630415
5398630416
5398630417
5467965334
1273738451
2053915260
2053915258
2053915261
2053915263
2053915265
4569344624
1273483228
1273736537
4569344613
4569344619
1273929682
4314666719
1399063099
1273585696
1273457972
1399063235
2053915334
1399063094
1399063237
3384631260
819211188
4332735080
819211095
2053915380
819211101
819211052
819211251
819211293
5090905985
819211295
915282612
819211313
593974679
915282206
819210989
819210978
819210991
819210992
2489449874
1856595154
1856595153
1856595152
915282101
309998768
4308219748
107774940
3207024803
107774939
3207024802
107774938
309998765
