2981919237 2981919236
2981919237 2981919238
2981919236 2981919237
2981919236 2981919239
2981919239 2981919235
2981919239 2981919236
2981919239 2981919238
2981919235 1273499641
2981919235 1273947093
2981919235 2981919239
1273499641 1273635442
1273499641 2981919235
1273635442 1273499641
1273635442 1273733186
1273733186 1273635442
1273733186 1418831028
1418831028 1273733186
1418831028 1273987607
1273987607 1418831028
1273987607 2981888399
2981888399 2981888402
2981888399 1273987607
2981888398 2981888399
2991672834 2981888398
2981888397 2991672834
2981888397 2991672835
2991671332 2981888397
1843102399 2991671332
1843102399 4108098782
589642520 1843102399
4108098781 589642520
316802235 4108098781
316802235 2991672838
1451644705 316802235
1451644703 1451644705
1451644702 1451644703
316803497 1451644702
1836213617 316803497
1836213617 2166157460
316803496 4336221944
316803496 1836213617
316803496 4337437332
1836213614 316803496
316803495 1836213614
1836204830 1836204832
1836204830 316803495
1273737524 1836204830
1273737524 4600819527
4341297234 1273737524
499773065 4341297234
499773065 2055553810
499773065 499774014
499751496 499773065
499751496 4337363110
2055553808 499751496
2055553808 874898815
4560312095 2055553808
499719142 874898665
499719142 4560312095
499717867 4560312098
499717867 499719142
4560312100 499717867
1836204828 4336181132
1836204828 4560312100
4336181132 1273936472
4336181132 1836204828
1273936472 4336181132
1273936472 4336181133
1273936472 1836204822
4336181133 1273936472
4336181133 1273491162
1273491162 1396409148
1273491162 4336181133
1396409148 1273491162
1396409148 1273868042
1396409148 1396409149
1273868042 5481855554
1273868042 1396409148
5481855554 1273868042
5481855554 2000811014
5481855554 1273631591
1273631591 1309028010
1273631591 5481855554
1273631591 1273729943
1273729943 1396409161
1273729943 1273631591
1396409161 1396409162
1396409161 1273731501
1396409161 1273729943
1396409162 1273834288
1396409162 1396409161
1396409162 1396409163
1273834288 1396409162
1273834288 5485869406
5485869406 1273834288
5485869406 4343733650
5485869406 1273928807
4343733650 1273785344
4343733650 5485869406
1273785344 5373471561
1273785344 4343733650
4343734216 1273785344
4343734216 1273508663
1273508663 4343734216
1273508663 4345075708
1273508663 4600819494
1396409156 1396409155
1396409156 1273508663
1396409157 4343733643
1396409157 1396409156
1396409157 4345064046
1396409158 1396409157
4343733644 1273724868
4343733644 1396409158
1273724868 4343733644
1273724868 1396409203
1273724868 1273714420
1273714420 5398651392
1273714420 1396409201
1273714420 1273724868
5398651392 1396409200
5398651392 1273898019
5398651392 1273714420
1396409200 5398651392
1396409200 1273520345
1273520345 1396409200
1273520345 1273819226
1273520345 5605501716
1273520345 1396409189
1396409189 1273520345
1396409189 4326046900
1396409189 1273982535
4326046900 1396409196
4326046900 1396409189
1396409196 4326046900
1396409196 5398630415
5398630415 5398630416
5398630415 1273954747
5398630415 1396409196
5398630416 5398630417
5398630416 5398630415
5398630417 5398630416
5398630417 5467965334
5467965334 5398630417
5467965334 1273738451
1273738451 1273675603
1273738451 2053915260
1273738451 5467965334
2053915260 2053915258
2053915260 1273738451
2053915258 2053915260
2053915258 2053915261
2053915261 2053915258
2053915261 2053915263
2053915263 2053915265
2053915263 4431447962
2053915263 2053915261
2053915265 4569344624
2053915265 2053915263
4569344624 2053915265
4569344624 1273483228
1273483228 4569344624
1273483228 1273736537
1273483228 4569344622
1273736537 4569344617
1273736537 1273483228
4569344613 1273736537
4569344619 4569344613
1273929682 4569344619
1273929682 1399063134
4314666719 1273929682
4314666719 1273716799
1399063099 1273816785
1399063099 1273593741
1399063099 4314666719
1273585696 1399063099
1273585696 1399063213
1273457972 1399063088
1273457972 1273585696
1273457972 1399063227
1399063235 1273457972
2053915334 1399063235
1399063094 1399063248
1399063094 1399063092
1399063094 2053915334
1399063237 1399063249
1399063237 3384631260
1399063237 1399063094
3384631260 819211361
3384631260 1399063237
819211188 3384631260
819211188 4332735079
4332735080 819211188
819211095 4332735080
819211095 2053915377
2053915380 819211095
819211101 2053915380
819211101 1355562709
819211052 819211064
819211052 819211101
819211251 819210802
819211251 819211052
819211293 5090905984
819211293 819211251
5090905985 819211293
819211295 5090905985
819211295 819211075
915282612 915282170
915282612 819211295
819211313 915282612
819211313 819210983
593974679 819211313
593974679 4415198786
915282206 2053915331
915282206 593974679
819210989 819210988
819210989 915282206
819210978 819210989
819210991 819210978
819210992 915282488
819210992 819210991
2489449874 819210992
1856595154 1856595153
1856595154 2489449874
1856595153 1856595152
1856595153 1856595154
1856595152 1856595153
1856595152 915282101
1856595152 4334170917
915282101 1856595152
915282101 912507992
915282101 912508077
309998768 915282101
4308219748 309998768
107774940 4308219748
107774940 4334170917
3207024803 107774940
107774939 3207024803
3207024802 107774939
107774938 3207024802
309998765 107774938
