2055741440
2059583492
1273506476
4334261591
2059583502
2059583503
2059583504
2059583505
690200579
2059583508
2059583509
2059583511
263397380
670367770
670367771
4143535451
2053915161
2059583528
1273987113
2059583530
2059583532
2059583534
1273610289
1624735795
1624735796
824049717
824049718
2059583544
2059583546
638353467
2055741701
2059583554
4200497163
2059583566
5478409332
528023636
2059583573
2059583575
2059583577
2059583578
3962644901
2055741456
2059583586
2059583588
2059583590
2059583592
2059583593
2059583594
2981888107
2059583596
606937106
2981888110
2981888111
2981888112
2981888113
2981888114
2981888115
2981888116
2059583605
2059583606
2981888119
2059583608
2059583609
263110778
1428455547
263110780
263110781
263110782
263110783
263110784
263110785
263110786
2059583619
263110788
263110789
1428455558
2059583623
263110792
263110793
2059583627
2059583628
639107213
263110798
263110799
639107216
2059583633
263110802
5434032900
2059583639
639107227
1428455580
2055741466
263110814
263110815
263110816
2059583649
263110818
4471963811
4471963812
4471963813
4471963814
4471963815
4471963816
2059583657
4471963819
2059583661
2059583662
3725508783
3725508784
3725508785
4471963828
4471963832
2059583673
2059583674
2059583675
2059583676
4471963837
4471963839
4467032256
4467032257
4467032258
4471963843
4471963844
4471963846
263389383
263389384
263389385
263389386
263389387
2059583692
2059583693
263389390
263389391
2059583696
263389393
263389394
2055741702
2059583700
263389397
2059583702
263389399
263389400
263389401
2059583706
2059583707
2059583525
2059583713
1273918843
2059583716
638353637
2059583721
3725525231
2059583729
3725525235
3725525236
3725525237
3725525238
3725525239
3725525240
3725525241
3725525242
3725525243
3725525244
2059583741
3725525246
3725525247
649999744
1273790722
3885220099
3885220100
2059583749
2059583751
2059583754
2059583755
2059583756
638353678
2059583760
2059583762
1273479443
2059583765
2059583766
2059583767
2059583768
2059583769
3962740783
2054406428
2059583773
2059583774
2054406431
2054406432
2054406433
2054406435
2059583782
2059583783
2054406441
2054406442
1273927047
2054406444
2059583789
2054406446
2059583794
2059583797
2059583798
650000925
3976118589
3976118590
3976118591
3976118592
3976118593
3976118594
2055741494
4406307357
316802430
874898655
874867427
2054406445
687447958
606937145
3976118625
3976118626
3976118627
3976118628
3976118629
3976118630
3976118631
3976118632
3976118633
2981888373
2981888374
2981888375
2981888376
1273643385
2988818810
2988818811
2988818812
2988818813
1273708926
2988818815
2988818816
2988818817
2988818818
2988818819
2988818820
2988818821
2988818822
2988818823
2981920474
819210988
2168739223
638353804
2981888397
2981888398
2981888399
2981888400
593974680
638353810
638353813
1273741719
638353818
819210991
2168739226
2058517280
701688560
2168739227
2981920475
4431547121
2168739228
1273790891
593974685
1273708982
1273954747
687447972
687447968
2981920476
2053915079
462979631
2053915083
2053915086
1832795749
2053915091
2053915092
4241328889
2981920477
499859939
263389679
263389680
263389681
263389682
263389683
263389684
263389685
263389686
263389687
263389688
263389689
263389690
263389691
263389692
263389693
263389694
263389695
263389696
263389697
263389698
5331714563
2053915140
2053915143
4346544648
2053915152
2053915153
2053915154
2053915155
2053915156
2053915157
2053915158
2053915159
1273987609
263389723
263389724
263389725
263389726
263389727
263389728
263389729
263389730
263389731
263389732
4334141989
2053915174
263389735
1399063080
1399063081
263389738
263389739
2053915180
462979629
263389742
2053915183
1399063088
2053915185
2053915186
2053915187
2053915188
263111221
611484214
2053915192
611484217
2053915194
1399063099
2053915196
2053915197
499843646
2053915199
1399063105
1399063106
611484227
1399063108
2053915205
593974678
611484232
611484233
2053915210
611484235
5283627596
1399063117
1399063118
611484239
2053915216
2053915217
2053915219
2053915220
2053915445
2053915222
2053915223
2053915224
2053915225
2053915226
2053915227
4574331484
2053915229
1399063134
2053915231
674939488
674939489
2053915234
2053915235
2053915236
2053915237
2053915238
2053915239
2053915240
2053915241
2053915242
2053915243
4439786092
5605501714
4439786094
1399063151
2053915248
2053915249
2053915250
4439786101
4439786102
2981888105
2053915258
4569312879
2053915260
2053915261
2053915262
2053915263
2053915265
1399063170
2053915269
2053915271
2981888108
639107723
639107724
639107725
2981888109
2053915282
1399063190
2053915287
2053915290
4206183067
4206183068
4569344523
2053915297
2053915304
674939563
674939564
674939565
5464002442
1399063215
1399063216
1399063217
2053915315
2053915316
1399063223
2053915321
1399063227
2053915325
1843102399
2053915328
2053915329
499860162
2053915331
2053915332
1399063237
2053915334
2053915335
1273643720
4172183997
2053915338
2053915339
2053915340
2053915341
2053915342
2053915343
1399063248
1399063249
2053915346
263389907
263389908
2053915349
2053915350
1399063255
263389912
1399063257
2053915356
2059583610
1399063262
2053915359
2053915361
1399063266
1399063267
2053915365
1399063270
2053915368
2053915370
2053915372
1399063277
1399063278
2981888125
1399063280
2053915377
1836204787
1836204788
1836204789
2053915382
1836204792
2053915385
1836204794
2053915387
2489451261
1836204798
2053915391
2053915392
2053915393
1836204802
2053915395
2053915396
1836204805
1836204806
2053915399
2053915400
2053915401
2053915402
2053915403
2055553804
2055553805
1836204814
2053915407
2055553808
1399063313
2055553810
263110787
1836204820
1273512725
4206183190
2055553815
1836204824
2053915417
1399063322
2055553819
1836204828
2053915421
1836204830
1836204831
1836204832
1273807650
4580606755
4580606756
4580606757
2055553831
4331324200
263406377
263406378
2053915435
1399063340
2986885933
4580606766
2986885935
2053915440
2986885937
2986885938
4580606771
2986885940
2986885941
2986885942
1396409144
4331324217
1396409146
1396409147
1399063356
1399063357
2053915454
2053915455
4206183232
4206183233
1842938690
1396409155
1396409156
1396409157
1396409158
1396409159
1396409160
263110796
1396409162
263390027
2053915468
2053915469
2053915470
2053915471
4206183248
2053915473
2055553874
5229085523
2053915476
4206183254
1399063383
4206183256
1399063385
4388373338
2053915484
2055553885
2055553886
1273873247
2053915488
2055553889
2055553890
263390051
263390052
263390053
263390054
2053915495
263390056
2053915497
2053915498
2053915499
2055553900
2053915503
660669296
1396409201
1399063410
1832795763
2053915508
2053915510
1396409207
1396409208
1396409209
2055553914
1396409211
1396409212
2053915517
1396409214
2053915519
2055553920
1396409217
1396409218
1396409219
1396409220
1396409221
1396409222
1396409223
1396409224
2053915529
1396409226
2055553931
2055553932
263392066
2053915534
1396409231
2053915536
1396409233
2055553938
2055553939
1396409236
1396409237
2055553942
1396409239
1396409240
1396409241
2055553946
1396409203
2055553948
2053915550
1396409247
2053915552
1396409249
2053915554
1396409251
1396409252
1396409253
2055553958
1943098865
263390121
4580606890
1273824171
263390124
263110813
4580606896
2053915573
2055553974
4580606903
2055553976
2055553978
1943098869
4580606912
5283020525
4580606917
4580606918
4580606919
4580606921
4580606922
2055553995
4580606924
2059583650
2055553999
4580606928
263390437
2055741603
316802006
316802007
2055554008
263110820
2055554010
316802011
4580606940
316802013
107774942
263110821
316802016
316802017
316802018
316802019
316802020
316802021
316802022
316802023
316802024
316802025
316802026
107774955
316802012
107774957
2055554030
263390194
263390195
263390196
263390197
4580606966
4580606967
4580606968
2055554042
4332836351
2055554045
4332848127
2055554050
2055554051
2055554052
4580606981
4580606982
4580606983
4580606984
4580606985
4580606986
2055554059
2055554060
2055554061
2055554062
4467032237
2055554064
1273547608
2055554066
2055554067
2055741614
2055554070
4511056921
1190020122
4511056923
4511056924
874898659
4511056926
4511056927
912507936
4511056929
912507938
670387035
380945444
380945447
912507946
380945451
912507948
263390253
263390254
380945456
912507953
912507955
912507956
912507959
1273695071
912507964
499717642
912507969
687447963
912507974
912507979
1273693262
912507984
2059583672
2981882723
912507990
912507991
912507992
670352475
4193043550
4193043551
4193043552
4193043553
912508003
912508004
4193043557
4193043558
263390312
263390313
4193043562
2981882727
4193043567
912508016
4193043569
4193043570
263110779
4466902133
5543183478
912508023
4193043576
912508025
912508026
4193043579
1273709695
1273971841
912508034
912508035
912508037
912508038
4471963841
912508040
912508041
912508042
912508043
499745932
4471963842
499745935
912508049
912508051
912508053
912508054
912508055
912508057
912508058
263111220
912508064
819211120
316802211
316802212
912508069
316802214
799373831
316802216
316802217
912508074
316802219
316802220
316802221
316802222
912508079
316802224
316802225
316802226
316802227
316802228
316802229
316802230
316802231
912508088
316802233
316802234
316802235
316802236
316802237
316802238
316802240
316802241
3962645366
1273513158
263389388
2055741335
263389389
4471963854
1273677015
4471963855
263390428
263390429
263390430
263390431
263390432
263390433
263390434
263390435
263390436
4468933861
263390438
1273562343
263390440
263390441
263390442
2059583698
3962645373
639108336
4574299378
4574299380
4574299381
639108342
4574299383
639108344
639108346
639108347
4574299388
263390439
639108350
3962645376
263389398
638354694
638354695
2059583703
1273677069
2055741656
3962645379
1356144857
263389402
462980385
4325704994
2055741659
1273644324
1658544348
2055741661
3672981190
638354740
2055741662
263357750
263357751
263357752
263357755
263357756
263357757
263357758
263357759
263357760
263357761
263357762
263357763
263357764
5327390021
263357766
263357767
263357768
263357769
263357770
263357771
263390540
1273922893
263390542
263390543
263390545
263390546
606937315
263390548
263390549
2055741668
1273955676
1653261663
5433312609
5433312610
5433312611
1356144870
606937320
4325766718
1653261688
4333962618
4333962619
4333962620
316802429
4333962622
316802431
316802432
5481469504
316802435
316802437
316802438
1273583169
316802440
1356144876
316802442
316802443
316802444
4415198786
316802446
316802447
316802448
4326413891
316802452
2055741678
316802454
316802457
1356144879
3313026478
2055741683
263110790
263397621
5373445568
5373445569
5373445570
5373445571
5373445572
5373445573
5373445574
1356144864
263397623
5087577550
5087577551
5087577552
263397624
5087577554
5087577555
5087577556
5087577557
5087577558
5087577559
499860952
5087577561
499860954
2055741690
499860958
670352865
263397627
5087577572
3104396881
5087577577
5087577578
5087577579
606937341
5087577586
638359123
5087577588
5087577589
5087577590
5087577591
5087577592
5087577593
5087577594
2059583743
5087577596
5087577597
5087577598
5087577599
5087577600
606937344
5087577602
5087577603
5087577604
5087577605
5087577606
5087577607
5087577608
5087577609
5087577610
1943098967
5087577612
5087577613
5087577614
5087577615
1273873937
263397635
4143760917
4143760918
263403097
4143760920
2055741700
3465594394
4325705243
4143760925
4143760926
4325705247
4325705248
4143760929
4143760930
301454939
4143760932
263357989
4143760934
263357991
263357992
263357993
263357994
263357995
263357996
263357997
263357998
263357999
263358000
263358001
4143760946
548738654
2055741705
1511704120
606937354
263403104
1356144907
2489445302
263403105
2055741708
670402122
670402123
670402124
670402125
670402126
606937357
670402128
670402129
4143760981
1451644516
4108098777
1356144911
2000812361
4041852511
696761465
670352996
606937361
316802674
1356144915
1356144891
4468934271
4468934272
263112329
1396409228
263110797
638353688
316802439
316802712
316802713
316802714
499844763
316802716
4468934305
263390882
4468934307
4468934308
1273726629
4468934310
263390887
4468934312
263390889
263390890
263390891
2053915482
4468934317
4468934318
1273517683
4191078070
4191078071
4191078072
4191078073
4191078074
4191078075
4191078076
4191078077
4191078078
1451644533
263112384
606182825
4468934347
4206183191
606937342
2059583779
4341483220
4041049814
4178790107
4178790108
4178790111
4178790112
4041049825
5274371810
5274371811
5274371812
5274371814
5274371815
4041049832
1451644540
263110800
4041049835
1356144895
316802800
316802801
316802802
316802803
1273497332
3962645363
1356144866
2059583785
1273956090
4415198847
2059583786
1273825022
316802816
2988813540
5274371849
3023423242
2055553817
3023423245
1356144896
5274371855
3023423248
1273792273
331597589
331597590
3370436375
331597593
5274371866
331597595
331597597
331597598
316802847
316802848
331597601
331597603
331597605
331597607
5274371882
3023423275
606937345
331597613
4139697966
331597615
4139697968
4139697969
4139697970
4139697972
3023423288
3023423291
3023423292
3023423293
2000832319
3023423296
3023423297
2000832322
2000832323
3023423300
5274371913
3023423307
5274371916
3023423310
3023423311
3023423312
2054187179
548734808
606937347
4769038092
1832795797
2981914117
1273644919
1273628536
4574299386
5090871162
4608984955
4608984956
5090871165
5398673406
4608984961
4608984962
3672983427
4608984964
4375918230
1273644938
696761467
638359192
5087357934
5467965334
4431447962
1273677723
5381392284
5087357937
4124280746
1273768946
1451726493
4139698098
4139698099
4139698100
2055741497
4139698102
4139698103
5381392312
4139698105
4139698106
1273661375
316802441
5087357942
1273502165
639076299
263391181
263391182
263391183
263391184
263391185
263391186
674941945
2053915492
263358426
263358427
263358428
263358429
263358430
1451644581
606937351
1399063317
310953976
1451644586
606937352
1273785344
1273808904
1273643351
2000850565
316803089
316803090
316803091
316803092
316803093
316803094
316803095
4341499928
4341499929
316803098
316803099
316803100
316803101
316803102
316803103
316803105
2991671330
2991671331
2991671332
4431763121
4431763122
1396409242
1451644596
4431530044
263391293
4431530046
4431530047
2000832580
2000832581
1396409161
1396409243
639092815
670386257
1428455552
4431530070
4431530071
4431530072
4431530073
817654799
4467032423
1856633179
2000832638
2000832640
2000832641
2000832642
2059583682
316811826
316803572
263122138
1273972896
819211291
2055741505
2064693682
2981888106
1273959902
263407802
263407803
263407804
4333045970
4333045971
4570884706
2981888377
316803289
316803291
316803293
316803295
316803297
316803299
316803301
670386406
316803303
316803305
316803306
316803307
316803308
316803311
2988818814
2054187193
1836204827
674944770
263109809
5087394587
2050545547
263391504
263391505
670362671
316803357
819211109
1396409250
263358754
263358757
5087394588
4465445159
263358760
5398609492
638353801
1273874745
5049840074
1634142531
316803400
316803401
1273792843
316803404
316803405
309581432
4270651108
263391580
263391581
651807070
4270651109
2981888401
1832795854
1728598389
263110822
638353815
3992308111
1273743766
5433313695
499796384
5433313697
316803491
316803492
316803493
263408038
316803495
316803496
316803497
499796395
4884374021
5434001837
4344613294
4344613295
5434001840
5434001841
5434001842
5434001843
5434001844
5434001845
499796410
5434001851
5434001852
316803518
2990049733
2990049734
316803527
5434001865
5434001866
5434001867
5434001868
5434001869
5434001870
5434001871
5434001872
5434001873
5434001874
5434001875
5434001876
5434001877
2055553826
499796448
263391716
316803558
4483083345
638351100
696764910
696764911
5434001904
5434001905
5434001906
5434001907
5434001908
5434001909
5434001910
696764919
5434001912
4590038100
4569365865
2981888402
5434001919
5434001920
316803596
1273678349
316803599
316803600
2981869115
4345055768
4345055769
1273858587
1273793056
263359016
263359018
5283020522
4332964403
3023677843
499845689
1273845514
499845695
1273891405
316803669
316803670
316803673
316803674
316803675
316803678
1273481823
1943098890
4332735078
4332735079
4332735080
1273743977
2981939099
1273452306
3725508782
2064693697
1273902867
3962697492
1273858682
1273907839
819211371
263392364
263392365
462979634
4337437332
2053915397
5615941402
5615941403
5615941404
1273547434
1273875123
1451644702
316803768
316803769
316803771
316803772
316803773
316803775
4431547073
4206232011
1451644705
5049825195
5434002121
5434002122
1451644706
5434002130
5434002131
263397838
263397839
525863645
5434002142
1451644709
316809680
5434002146
4139235110
1399063213
4343384808
4439804654
4431547120
4415199016
670370552
316809684
4415199018
4406270258
4415199020
499862286
499862289
4465380115
499862293
1273932933
1273891616
638356257
660657172
1273465660
263392061
263392062
263392063
263392064
263359298
263359299
263392068
817654924
2062508514
5364437181
670387032
263392091
909271525
593898377
1273547636
263359071
5381458811
2053915523
2166147965
2000833410
2000833412
2000833413
2000833414
1273695116
2057539384
4343286693
4343286694
4343286695
3023670194
3023670195
3023670196
1653428780
4333022368
4333022369
1273725431
4333022370
263359439
2053915128
651807699
4343286744
301455184
3992423399
5433887720
3992423401
3992423402
1273727980
301455186
674941938
4234975059
674941940
4429502292
674941948
4574301189
4574301190
3962686471
3962686472
3962686473
3962686474
2054081550
2054081551
4206215683
4511042580
3962686486
263388537
4334622555
4884374022
4884374023
4884374024
3992462855
874903658
4884374025
5434001902
3743408650
1273564224
3743408651
1273515077
4482998796
548736076
1273826384
5434001903
2981888378
670360991
674944799
4884373618
4139699303
4139699304
4139699305
4139699306
639061099
4139699308
4139699309
263392366
263392368
2981888379
2050545515
1273987607
263392407
1273449628
499846302
1273852459
2060102854
1273728170
2060102855
2053915165
696761402
2060102857
2060102858
2475239590
2053915168
1273695426
263392454
263386906
888212423
5087434617
2060102863
263389733
548736229
5087434620
2055553867
2053915175
4560309484
4560309485
4560309486
4560309487
263397928
4482936019
2030450558
263389737
817654996
2053915178
4482936021
2053915179
4439786009
1273875717
605673345
670371081
4431506647
2053915181
4431613201
2053915182
263122137
4270558488
1273974042
263111215
4431613212
2060102874
2053915184
679644450
2060102875
679644453
696749354
4431613227
1273793836
611484210
1273485844
4431506653
263122142
679644473
4431613243
4586179900
679644477
679644481
605673355
4586179908
1399063094
4586179910
5434001911
4347743561
4347743562
4347743563
4347743564
263122146
2060102883
679644502
2053915193
817655012
4580606947
2060102885
4560312240
494746313
2060102887
679644524
2988813544
2694672946
2053915198
2060102889
1399063103
1273826685
679644542
679644543
679644544
263409026
2060102891
499843649
1273859465
4560358796
4560358797
2060102893
638356718
263392914
5434293791
2060102895
4560358814
1399063109
1475218848
2059583677
2060102897
4560358824
1273974186
674944810
1273662892
679644589
499748273
2060102899
1475218869
4560358838
679644599
4560358841
499797434
4560358843
2053915211
494746316
1399063116
499797455
499797456
5274217720
1475218899
2988813561
4439786063
5274217722
1273897206
638356962
4569344619
1475218918
611484241
4560358888
660671979
660671980
660671981
660671985
611484243
5468278261
5468278263
660671994
4042685254
1475218943
638356992
2991672833
2991672834
2991672835
2991672836
1273974277
2991672838
2991672839
2991672840
611484247
1475218961
5199302162
1354755331
1475218964
1273952174
1475218969
4569344621
3962644902
1475218977
660672035
2991672868
2991672869
2991672870
2991672871
2991672872
2053915228
679644714
2991672875
4334079532
1475218989
2981899528
1475218998
1475218999
263409210
263409211
2981899530
1475219008
4465462850
263398921
4234858053
1475219014
1475219015
4234858057
4234858058
4206278583
4234858060
4234858062
4465462864
2055553879
4234858067
4234858069
4465462870
4234858071
1273876058
4234858075
1832795856
4234858077
1273564767
4234858080
1475219042
1475219043
1475219044
4560359013
4560359014
817655057
4560359016
499840956
2722696811
4482936082
5274217747
2057539190
4560359033
4560359034
4465462908
4439786090
4511026815
263360133
2000850569
4270558487
2057539218
263392915
263392916
2053915246
263392918
4511026839
2053915247
263360157
263360158
263360159
4439786096
2057539234
2057539235
2057539236
2057539237
2057539238
5433888424
5433888425
5433888426
5433888427
5433888428
2057539245
2057539246
2060102941
3965001853
1273843378
263360179
263360180
2057539254
2057539255
4332621497
4332621498
263400735
4332621500
4332621501
2057539262
4332621503
4332621504
263400736
2057539267
4332621510
1273585696
660658124
1273532108
2060102946
2057539278
660655826
660655827
660655828
660655829
2057539290
263114459
2057539292
2057539294
2057539295
4415147745
2057539298
4511026915
4511026916
4511026917
1273695974
2057539303
263109777
2057539305
2057539306
874949927
2057539311
2057539312
2057539317
2057539318
2057539319
2057539321
2057539322
1273479807
2057539325
2057539326
4511026947
2057539332
674939867
2057539340
5398609494
2057539346
1273745171
2057539353
2057539355
2057539358
4333981474
4333981475
4333981476
4333981477
4333981478
4190293799
4206300968
5433888554
5433888555
5433888556
2060102962
5433888558
263114543
2057539378
2060102963
2057539380
2057539381
1273450296
1273457972
2057539386
2057539387
4332761203
5433888573
679644469
2057539393
2057539394
2057539395
4326403382
2057539398
5433888583
2057539400
5433888585
2057539402
874949943
2057539404
2057539405
2057539406
2057539407
2057539408
2057539409
2057539410
2057539411
2057539412
2057539413
4465528662
4326403385
2057539416
2057539417
2057539418
2057539419
1273565020
2057539421
1451454145
2057539423
4499328865
499847010
4499328867
4499328868
2057539429
4499328870
4499328871
5381377896
2057539433
5381377898
2057539435
2057539436
2057539437
2057539438
2057539439
2057539440
2057539441
2057539442
2057539443
5381377908
5381377909
5381377910
5381377911
4511043448
4511043449
4429892207
1273450364
263109782
5090905984
4482936128
4511043460
4482936129
5464002440
5464002441
4511043466
4511043467
4482936130
2722697102
316802010
1273827220
5485870440
605673455
1273878512
2053915291
263360422
263360423
1273532331
4332507053
4332507054
4332507055
1273843638
4332507063
4332507064
4332507065
4332507066
4332507067
4334079533
1273630658
4332507081
4332507082
4332507083
4332507084
4332507085
4332507086
4332507087
4332507088
639061972
2055553892
2461138397
1273483228
1273897223
874949392
639061988
639061992
4345075708
639061995
2059583790
4439786034
3672981181
263360505
4234858491
3121074175
4234858503
3121074184
263393289
263393290
4511043596
4511043597
263393294
2053915562
4511043600
4511043601
5398630418
4511043603
5398630420
4511043605
4511043607
4511043609
4511043610
4206183087
3121074204
4511043614
4511043615
4431450145
4511043618
4431450147
3121074213
3121074225
4143536137
3903754296
3903754297
660656187
1273532480
1396409200
4406229968
2059583439
4511043660
4511043661
639111249
660656213
639111255
2060102947
670355551
639111264
5487399009
2058517109
548737131
4334194813
2053915330
660661942
1399063235
4332507289
1356144874
639111326
2053915333
3207024800
3207024801
3207024802
4405213211
3207024804
3207024806
3207024807
3207024808
3207024809
3207024810
3207024811
660661943
1273696435
4431450292
4431450295
4431450297
4431450301
670360999
1273876682
660656335
1273821219
5487399127
263389903
263389904
263389905
4268593387
2840596717
2840596718
2840596721
263393534
263389909
2059768066
263395371
697291012
263389910
697291014
697291015
697291016
263389911
697291021
108066861
697291024
697291028
2053915353
697291032
1273827612
697291037
697291039
697291040
874898790
2053915190
679644551
660656428
4333048114
4333048115
4406229976
2055741578
639073915
4580587859
874948983
1273696581
2053915362
1273859469
1273709668
1728598357
4466988100
605673529
3885191513
3885191516
1273925981
1273975134
5434298722
5434298723
5434298724
5434298725
697291115
697291116
697291119
1399063272
1273942386
605673534
4580606954
2055553906
5549411733
2209617986
674943375
874948986
1836204784
1273860515
1399076934
4482830759
4482830760
687460777
2209617991
1273680300
638357935
638357936
4332540337
638357938
638357939
4332540340
4332540341
4332540342
2055553908
4482830778
1273827778
2059583684
687460807
4295201225
687460811
3885220097
494600139
1273887965
1653428693
1873952221
639096911
4569354718
4326412769
4326412770
4326412771
679644582
4326412774
4326412775
4326412776
4326412777
687460842
4326412779
5331718638
2053915389
5331718641
1906135541
4499328866
1873952222
2489451263
639111676
639111677
639111678
1836204800
1836204801
5468298352
494600141
2053915394
4560358829
1836204803
4890055188
4569354773
1873952223
2489451268
4580606754
4569354782
4569354783
4569354788
5434032902
548737577
4214554073
687460908
263109805
1836204809
1836204810
5433922111
5433922112
638358081
638358082
2055553803
1273926218
4406252108
4406252109
4406252110
4406252111
1273867704
2055553806
2055553807
4560358842
1836204816
2055553809
1273565801
1836204818
819211341
4341742017
1273582199
2053915412
1273778813
1273664126
4206183189
874903659
639091478
1836204823
3964949132
3964949133
3964949134
3964949135
3964949136
2055553816
4337210006
1836204825
1273844376
1836204826
3964949153
3964949154
3964949155
3964949156
4108194469
4108194470
4108194472
4108194473
1832795848
1836204829
1273971486
2059583460
263389984
4143633099
4143633100
4143633101
4115223247
1273598672
2053915427
1273598685
2053915429
263109811
1451644552
263406376
4206183088
316803777
1273860859
874898551
263406379
1873952231
874898555
1399063341
2986885934
1399063343
2986885936
1399063345
4511027035
1273549618
2986885939
263390004
263390005
503693084
1273582415
4331324216
5433888584
660673365
4388373305
660673369
4388373306
4388373307
4511027037
1273631591
4511043404
4388373308
4388373309
4326413168
4388373310
5487399799
4343740564
5487399802
1396409151
1273642475
1396409152
4143584131
4326413188
2059583687
1273598856
874898661
4206183234
2055741711
4206183235
4143584148
1273729943
660669252
4143584157
4143584158
4143584159
4326413220
660669254
4326413222
4326413223
2055553865
4143584185
4143584186
639113375
2981888117
1474548672
2053915467
4482831300
263384566
697291010
2055553868
4429501392
263384568
2475250642
2475250643
4234898937
4429501402
696761463
4466988002
4466988004
915282083
4466988006
4206183249
4466988008
4429501417
4466988010
1451454672
4206183250
4466988014
4429501423
4466988016
4466988018
4466988020
1273746424
4206183252
4143584250
638356991
4154292394
4429501441
4429501445
2832749574
2832749575
4429501448
5434292396
4429501451
4429501454
4154292397
4429501456
660657169
660657170
4466988051
4466988052
4466988053
660657174
4206183257
660657176
4569355289
4429501466
4206183258
2991672837
4429501472
4429501473
316810075
3992441892
638356998
3992441894
4429501479
3992441896
2055553884
3992441898
638356999
4429501484
3992441902
1273605928
1355562670
548738100
4331503413
3992441912
3992441913
3992441914
2055553887
3992441917
3992441918
915282101
3992441920
1399063392
679644683
4143584324
4143584325
4431551595
4143584330
4143584331
4143584332
2053915490
4143584334
4143584336
4143584337
5351806034
4143584339
4406285396
4406285398
4406285399
2461127768
2461127769
2461127770
4143584347
4143584348
2461127773
4143584350
2053915493
4406285409
4406285410
4406285411
4406285412
2055553894
263390055
1855181935
1855181936
1855181937
5078127730
674944115
4569344675
1855181942
1855181945
1399063402
4337346417
4483088661
1396409196
4045804686
4045804687
3335028877
605673385
674937393
4406270148
3992361504
263390064
5478409331
1428591784
915282119
4406285485
4406285486
4406285487
4406285488
4406285489
4406285490
4406285491
5274309813
5274309816
1273959609
5274309819
5274309820
263394495
263394497
263394499
263394500
263394501
263394502
263394503
1273844936
4465408204
263394506
263394507
2991672876
4465408205
2055553912
1273844946
2991672867
1428542681
1428542683
1396409210
1273877728
1428542690
1428542693
639073425
2055553916
915282130
1396409213
2722714864
1428542706
2991672873
1396409215
2991672874
1396409216
4482962696
4482962697
4482962699
4482962701
548738318
2991672877
4482962704
4482962706
4482962707
4482962708
4482962709
4482962710
660657434
5478409335
2053915525
494379564
1452747126
4569344681
548738351
1396409225
5478409336
4468933863
639073428
4143535432
4143535433
1829377355
2053915533
263394504
263112014
4569371989
4569371991
4569371993
660661135
874949018
1396409232
610703591
1396409234
1451454685
1396409235
5478409338
2055553941
1273636207
2026775446
1273599367
2055553943
1273959822
593974674
593974675
593974676
593974677
2168739222
593974679
2168739224
593974681
593974682
593974683
593974684
2168739229
593974686
593974687
593974688
593974689
593974690
593974691
593974692
593974693
593974694
593974695
4234858055
5433888588
3725525245
2055553950
611484208
4406270196
1428592060
1836242367
1836242369
1836242379
1836242380
1836242381
1836242382
1836242383
1836242384
1836242385
4431762898
1836242387
263411156
4431762901
1451454301
1836242391
1836242393
1836242395
4580606786
1836242397
4429460175
1836242399
1836242401
1836242402
1836242404
1836242406
5274310121
2981914101
4431762924
4431762926
4431762927
4431762928
1836242417
499717618
1943098867
4431762933
1943098870
4431762936
1943098873
499717627
1943098876
263390122
4415198718
1273975291
1943098880
1943098881
499717634
263390123
2981914102
1273484810
1943098891
4431762957
4431762958
1943098895
4431762960
499717649
1943098899
1943098901
674944534
1943098903
1273550360
1943098905
1943098906
1943098909
2981914103
1943098920
1943098922
1943098924
611484212
1943098928
4246034696
1943098932
2547275317
670373436
5481469502
5481469503
548738624
5481469505
5481469506
1354143299
1943098948
1943098949
107774946
1273894476
3104396879
1451726416
1943098961
3104396882
3104396883
3104396884
3104396885
3104396886
301454935
1943098968
301454937
3104396890
3104396891
3104396892
301454941
3104396894
1943098975
1943098979
316802715
1943098982
1943098986
4560359015
1451644550
1451644527
1943098993
4115224179
4115224180
1943098997
1943099000
1451644537
1943099004
1943099007
2060102870
2055553984
638359170
4045805189
4045805190
4045805191
3340703368
1943099017
1451644554
1273829003
1273878158
1943099023
1943099024
1451644568
4431763097
4431763098
4431763099
1943099036
1451644573
1943099038
1409885125
4431763104
4343393904
1943099042
4431763107
5049882277
5049882278
5049882279
4431763113
4431763114
4431763115
4431763118
462974321
4431763120
1451644593
499734194
499734195
499734196
1451644597
1451644599
2060102872
1273747138
1451726531
1273720438
4580606925
4108168824
1273960149
1273794169
2060102873
4580606927
107774947
4270560989
4270560990
4314666719
4578514657
2055553952
799373606
4446658576
499717867
499717868
499717869
499717871
263387432
499717874
1409885139
1273714420
799373609
263395065
263395066
263395067
263395068
263395069
263395070
263395071
263395072
263395073
263395074
639112963
674944773
2058517398
639112967
674944777
639112970
548738831
674944785
548738834
1451644693
639073917
316802009
4439786095
674944797
4415199006
1451644703
674944800
4560312097
4560312098
674944803
4560312100
674944805
4234975014
674944807
674944808
4234975017
4234975018
2059583475
674944812
4234975021
4234975022
4234975024
4234975026
4234975027
316802014
4234975033
639096636
4234975038
639113023
107774944
1273927491
4234975046
107774945
3992453078
4580606946
301455182
301455183
4234975056
4429502289
4429502290
4429502291
605673300
4560312149
4560312151
2064693807
605673306
1273730907
605673311
1273485154
605673316
107774950
605673321
5274371850
107774951
4234975085
605673328
107774952
107774948
107774936
589642569
4580606953
611484223
1910806847
605673340
1273496554
4560312193
1273963847
605673350
4172183873
1396409187
263392919
2981914115
4560312210
4560312211
4560312213
4560312215
4560312217
4560312218
4560312220
4560312223
605673376
2057539227
605673382
4560312233
2060102880
5434001850
605673391
107774938
2000812360
605673395
611484225
605673399
2055554036
915282250
4580606965
1273911234
4560312261
2057539233
605673417
2060102881
605673420
660658125
107774939
1910806861
2064693811
605673437
605673445
605673450
107774940
638359533
5373471561
4560312303
4560312304
605673459
4580606975
605673468
799373653
2057539243
4143536132
605673477
107774949
2057539244
605673483
2055553962
605673492
4560312343
4560312344
4580606980
548739106
799340891
2055554054
605673510
1273698343
263395368
2055554055
263395372
263395373
263395374
263395375
263395376
605673524
5485869406
2209617975
1425922104
1273450164
2209617982
2209617983
2209617985
605673538
2981914121
605673543
605673547
605673551
639096913
605673554
494746406
4511056910
605673558
1273895001
2055554063
4341611132
2981914122
4332621499
2055554065
660658282
2057539261
4332621502
799340905
2057539263
660658301
660658302
2055554069
799373675
4465462977
263389734
605673613
915282063
1273485456
4884699282
4884699283
915282068
4569344613
912507929
4406270106
4406270107
4406270109
4406270111
915282080
4406270113
4406270115
639113381
799340913
2055554076
639113389
915282095
639113392
610703537
639113394
1396409189
4580607006
2057539273
915282106
915282109
639113406
799340917
3672981196
263389736
1273649352
1856633207
915282124
915282129
4406270162
4406270163
4406270165
915282137
660666746
915282142
4884373605
1273643612
4406270178
494508259
915282148
4406270182
494508263
610703592
2057539282
915282158
915282159
4406270195
915282164
799340827
915282170
915282171
2057539285
4246034693
4246034694
4246034695
1836242389
4246034697
4246034698
4246034699
4246034700
4406270221
915282191
2974838488
915282200
4884373607
263114458
1273714974
799340933
888357936
660658466
915282211
1356144897
915282216
5489392007
4470495535
2059583515
4470495538
4406270259
4406270260
4406270262
4406270263
4406270266
4470495548
1451644574
263389740
1910806849
4341700933
915282248
4341700938
1910806859
915282253
915282255
799340830
915282259
4470495572
1910806871
2057539300
1334827354
263389741
4035090784
5049882977
605673826
4511026918
5049882983
915282280
915282281
4336181132
2057539304
1273878898
605673844
605673847
819211246
915282299
4334049664
4334049665
4334049666
4334049667
605673864
605673865
915282318
2000853391
605673873
1728600470
638351769
1728600476
4511043457
2000853411
1273960869
912507934
1273731501
915282358
660658615
1273868392
5049883070
5049883073
2055741531
5049883082
915282380
660658637
4884373613
1273928147
1273453012
5087435221
915282390
5087435226
5087435229
5087435233
915282409
4554136042
4554136045
4554136047
660675056
799340969
670349075
639097338
660658683
2168740349
2168740350
2168740351
1273469440
2168740353
2168740354
2060102900
107774958
4884373615
611484245
263395860
915282453
263395862
263395863
639074289
2064693679
3992361500
3992361501
3992361502
3992361503
1273797152
915282466
912507995
915282468
799340978
4119534129
4406270180
3992453079
915282488
2209618493
499751496
31035148
660658763
660658764
660658765
660658766
660658768
2064693688
263390307
1273765831
674937273
4193043556
499717612
912508005
915282528
915282529
915282530
263390310
915282541
4108098783
4406254191
4406254192
4406254193
4406254194
4406254195
4406254196
4172183998
912508009
915282555
263390314
4406254207
915282560
4406254209
4884373619
915282567
5478390411
5478390412
5478390413
5478390414
874898541
5478390416
1842396268
5478390418
5478390419
5478390420
915282584
605674138
915282592
915282600
1273649834
1607047851
912508018
915282607
4326413892
1273985480
874898547
915282612
915282613
1273617078
650000841
2060102906
650000842
5478409333
2468371139
874898550
915282630
915282634
4193043575
5087369932
5087369933
5543183480
5543183481
4193043578
4143760938
5087369955
5087369956
605674216
915282665
263360295
915282668
605674221
874898557
263360296
915282674
874898558
107774954
1273780692
874898559
1273518844
915282687
874898560
2000861654
915282694
660675337
799341015
915282700
605674253
5433888557
2000861656
915282706
263114542
2057539299
1273774021
5359934247
5359934248
2064693724
2055741663
2064693725
1273879344
2000853822
1834951493
2832784186
2000853819
2055741299
2000853821
605674302
1273846593
605674307
915282401
1273633609
3459018551
2055741664
4332646200
650000867
4482962703
2055741670
1355562671
3962740790
4143536133
607235898
316803559
670358374
670358375
670358376
670358377
799373799
670358382
2489391988
2055553991
874949070
2489391993
1273535358
2489391999
4143760907
4560591747
4206205829
3669613448
799341036
1273781134
799373805
2064693742
1451644594
4206205849
4206205850
4206205851
4580596636
4580596637
4580596638
4580596639
4580596640
4580596641
4580596642
4580596643
4580596644
4431762893
107775132
660659121
2055553993
2064693747
4143536136
2064693748
5433888586
2022120386
4511043403
1273469892
3964967877
3964967878
3964967879
3964967880
3964967881
5161671626
4206205899
4206205900
3964967885
3964967886
3964967887
3964967888
3964967889
4332723154
4332723155
4332723156
4332723157
4332723158
4332723159
4332723160
915282426
4206205918
316802213
4206205920
2055741669
263406758
499719142
660672337
499719145
912508071
499719148
499719149
4429454318
4429454319
660659185
660672339
1273469940
263396343
108171092
4429454331
263406762
4333050881
263406763
670358537
4206192101
912508077
4600819544
2981919235
4560358823
4511027033
2981919236
2981914100
2981919237
499847003
2981919238
4574299313
817655091
5468216363
5468216364
4511079469
4511079470
5132284387
5468216368
5468216372
2057539422
912508084
660659258
660659260
660659262
5468216385
5468216387
912508086
2064693849
2057539425
2064693772
2057539426
799341069
316802232
2057539427
1273977945
2059583542
912508090
4578581599
4578581600
5090905985
2057539430
819211251
2209619047
4431551592
4431551593
2209619050
4600819559
2209619052
4431551597
4431551598
2209619055
1273732208
2209619057
5381377897
2055741674
1273520345
1273502843
4108168798
2057539434
4578581630
263395861
1273846912
2064693851
5381377899
5381377900
494746442
5468298381
5468298382
5381377901
1728586949
5433932315
874898630
3962740801
915282461
1273781427
650000926
1273840841
1273650361
4578581692
4578581693
4578581694
4578581695
4578581696
4578581697
4578581698
4578581699
4578581700
3992397004
4108098762
912507940
4578581713
4578581714
4578581715
4578581716
1273683159
4578581721
4578581722
4578581723
4108098781
4108098782
1273453791
4336181133
3992397008
3992397009
4578581740
3992397010
4578581742
4347817305
606937314
2064693801
874949083
4041049826
1856595158
2000861655
4600819585
301454936
4578581769
4578581770
4578581771
4578581774
4578581775
4578581776
1856595160
2060102926
799341103
1409867037
687483663
2064693808
1409867042
4468933851
263396644
263396645
1409867047
4578581800
1409867049
1409867051
1409867053
1856595165
2832742963
1273732404
606182709
606182710
606182711
606182712
606182713
606182714
1856595167
606182717
606182718
606182719
606182720
606182722
606182723
301454938
606182725
606182726
4468933857
606182728
606182729
606182730
606182731
606182732
606182733
606182734
606182735
606182736
606182737
606182738
606182739
606182740
606182742
799341113
606182744
874898660
606182746
606182747
606182749
606182751
4108098912
606182753
1273847692
4332528871
2064693821
4333962621
1273716085
874898665
606182782
301454940
4332528875
2060102930
1856595169
4343733644
5087410754
499724184
4343733650
606182808
606182810
606182811
4608984963
1273896350
1273535903
1451454364
1273879978
606182827
606182828
639108338
606182830
606182831
606182833
638361010
2058517459
606182839
639108340
2726174139
2970967484
1273725185
2726174142
2970967488
2970967489
1273634248
4431506657
1273486796
4574299384
5433957842
5283601876
1356144905
5433957851
5433957852
5433957853
5433957854
5433957855
5433957856
5433957857
5433957858
4574299387
4431506658
1836247233
1670880752
263396851
1273454068
263396853
1273699834
650000839
1432367019
5433957893
660659720
3992441919
1273781771
1273936472
2059583705
5433957910
5433957911
5433957912
5433957913
5433957914
5433957915
5433957916
2064693850
799341147
1273634349
1910806881
5274371908
2055741689
4417691201
639122018
1670880848
670359123
670391892
1397486922
4431458234
799340873
2990049735
1273896256
912508006
2055741691
1273749117
1273765502
1842306690
1842306691
1842306692
1842306693
1842306694
1842306695
1842306696
1842306697
1273529623
1273606083
4270439498
2064693870
3992441924
2055554018
1273831075
263397031
5273026003
874949034
2055741693
1273883165
1273896638
2055554019
607236043
1273728972
2064693879
2058517112
4578581725
4423787811
2055741141
3962665593
263389392
2055741153
1273551483
3962665596
5368484065
639107769
2064693885
2055741168
263387774
2055741176
4429405945
263111212
263387775
263360041
1273847552
4406254208
2055741187
4465536982
2000854790
2000854791
2055741196
2055741197
2055741198
874898733
2060102943
263387779
2055741205
4439801439
874898735
2055741212
2055741216
2055741218
5054635811
1273880356
5054635814
5054635815
2055741226
2055741227
2055741697
2060102944
2064693896
5478409337
1273683768
2055741242
2055741245
2055741255
2055741256
2055741257
5433888587
2055741259
2055741260
2055741261
2055741264
2055741266
2055741267
2055741268
263390883
2055741271
4261657231
2055741278
4143760940
4580596368
2055741282
1273896803
494493540
2055741285
2055741286
4405213841
494493544
2055741289
1840672743
2055741292
660660077
2055741295
2055741296
2988814312
2055741298
2064693907
1273716599
494493560
4405213844
2055741307
2055741308
2055741309
2055741310
2055741311
2055741313
2055741314
494493571
3743408004
2055741317
3743408006
2055741320
2055741321
2055741323
2055741324
2055741325
2055741328
2055741329
2055741330
606936980
606936981
263397270
263397271
606936984
687447962
2055741339
687447964
2064693914
5054635934
263357765
2055741344
687447970
5054635939
2055741348
687447973
2055741351
687447976
687447977
687447978
3093028779
2055741356
1273978797
2055741358
2055741368
316803573
494493627
2055741373
606937025
606937026
263390539
2064693921
4343734216
606937035
606937036
606937037
606937038
263390541
2055741393
3093028818
606937044
2055741397
606937046
1273499641
606937048
2055741403
2055741404
606937053
606937054
606937055
2055741703
2055741410
606937059
606937061
1273634790
606937063
606937064
606937065
606937066
2064693927
2055741421
3022712829
2055741424
606937073
606937074
263390547
632692724
1273819134
632692726
632692728
3992470868
632692730
3022712831
632692732
3992470869
690200576
2055741441
2055741442
2055741443
690200580
1273978885
606937095
606937096
606937097
606937098
606937099
606937100
606937101
606937102
606937104
2055741458
606937111
606937112
606937113
606937114
606937115
606937116
606937120
606937122
606937123
606937124
606937126
589642417
606937128
606937130
606937131
2055741486
2055741487
263392527
3962740785
3962740786
3962740787
3962740788
3962740789
606937142
3962740791
3962740792
3962740793
3962740794
3962740795
3962740796
3962740797
3962740798
3962740799
3962740800
1273847873
1273733186
263393292
915282615
2055741517
2055741518
5398630413
1396409202
3093028773
5398630414
2055741527
2055741528
2055741530
5398630415
1273667679
5398630416
2059583686
4884373603
4884373604
2055741541
4884373606
5398630417
4884373608
4884373609
4884373610
4884373611
4884373612
607236114
4884373614
4337334973
4884373616
4884373617
2055741554
1943098963
4884373620
4511043604
3965001852
1273778977
3965001855
2055741568
499736709
606937223
499736713
606937226
2055741579
499736716
4143584187
499736719
2055741584
5481469507
874898798
606937238
2055741594
874898799
2055741596
2055741599
2055741600
874898800
4511043611
606937253
1836213617
4511043612
2055741610
2055741612
1674944686
606937264
2055741710
1674944692
2055741623
2055741624
2055741625
606937275
5087369930
915282635
1356144839
1356144841
1356144843
1356144845
1356144846
1273716943
1356144848
263109816
606937299
2055741654
2055741655
606937304
2055741657
2055741658
1356144859
2055741660
1356144861
606937310
1356144863
606937312
1356144865
2055741666
1356144867
606937316
606937317
606937318
606937319
1356144872
606937321
606937322
606937323
606937324
1356144877
606937326
606937327
2055741680
4332723153
2055741682
1356144883
606937333
606937334
606937335
606937336
606937337
606937338
606937339
263397628
1356144893
1356144894
606937343
263397632
263397633
606937346
2055741699
606937348
606937349
606937350
1356144903
2055741704
606937353
2055741706
2055741707
606937356
1356144909
606937358
606937359
606937360
2055741713
2055741714
2055741715
2981900334
1273782551
4041049833
1356144922
1356144924
2086871325
1356144926
4431763101
2058517211
874898823
4482999689
4466988054
1273454909
4483031359
4483031360
2981900343
2981900345
1273520472
3992453071
1273569649
1273602421
316809590
316809593
316809594
316809595
316809596
316802453
1273651585
2060102964
1273733528
494746351
2054187235
1273798406
2981914107
1273897389
494746355
2062508468
2062508469
2062508470
2062508473
2062508474
2062508475
2062508476
2062508477
2062508478
2062508479
2062508480
2062508481
2062508482
2062508483
2062508484
2062508485
2062508487
2981913032
2062508491
316809676
316809677
2062508494
316809679
263397840
263397841
2062508498
316809683
2062508500
1273912057
2062508504
1273504223
909271522
2062508516
2062508517
2062508518
2062508519
2062508520
2062508521
2062508522
2062508523
2062508524
2062508525
2062508526
1273815536
1399063090
909271542
1273553401
1273748223
5054635804
5398651392
5398651393
5398651394
5398651395
5398651396
5398651397
5398651398
5398651399
5398651400
5398651401
5398651402
5398651403
3743408652
4482998797
1273819226
1273831966
494379559
494379560
4884374058
4884374059
4884374060
4884374061
4884374062
1399063092
2981914035
2981867614
2981867615
4482936020
263121418
874949128
2981867617
4417690380
1273766481
915282206
2060102971
1273488935
2068555195
4600819814
2981919239
4482998888
1273716799
1451454567
2053915173
1451454568
1273635442
1273504371
2068555198
263398006
2058517268
4467040890
2058517269
3962645377
2058517270
638345862
2058517271
5087394584
4467040915
197681814
5087394585
1451454575
3962645378
1273963168
4325994608
494746395
5087577611
494746396
1396409206
4325994610
2058517277
1273963184
638345906
638345907
638345910
4332761204
1273930430
4332761205
817654884
4332761206
2053915176
263401591
4578581759
4206205798
2053915177
5087577553
1273897705
1273733867
3023663229
4206205799
499841834
5489599245
5489599246
5087577560
494746415
2068555226
1273750305
1273815852
2057539368
1273466937
2058517300
874898912
589642550
1834951495
2168739220
1834951497
1834951501
499786574
1834951503
1834951505
1834951507
1834951511
316810074
1834951515
1834951519
1834951521
4206192102
3023677911
4234978903
660661108
494746430
679644493
3992462825
4511049195
3992462828
3992462829
4511049198
660661142
2026775448
1273963417
2026775450
1273504670
4042685253
912508019
2166154149
2981914097
316810466
1409885100
1409885102
1409885103
1273832369
5087577587
638346165
1409885111
1409885113
1409885114
1409885115
1409885116
1409885117
1409885118
263112181
1409885120
1409885121
2060102871
1409885123
1409885124
263112182
1409885126
589642572
263112183
2981914104
1409885138
3207024803
1409885140
1273947093
2981914106
799340920
5049840057
5087577595
1409885165
1409885167
4471972851
638346231
638346232
301458429
301458430
1273816065
5087577601
1273979915
4471972877
4471972881
2068555267
1273848854
2981914116
638346269
263398917
1273898019
2981914118
874898952
263398919
3992462856
791159858
3992446473
799340923
638363146
4423787586
1273750595
263398924
1273570380
316810765
2981914114
316810766
263398927
874898531
874898532
874898533
874898534
874898535
874898536
874898537
874898538
874898539
874898540
3992446482
874898542
874898543
874898544
874898545
874898546
3992446483
874898548
874898549
5478409334
799340925
874898552
874898553
874898554
5478409339
5478409340
5478409341
5478409342
5478409343
5478409344
874898561
874898562
874898563
1273682992
4345062540
874898576
874898577
1273980052
2055741695
874898582
670373716
874898585
4143760922
4439801486
874898591
2058517360
874898594
4143760923
4332659877
874898598
874898599
874898600
874898610
1418831028
874898613
5090911416
874898618
4143760928
1728586946
4297188547
4297188548
1273849029
4297188550
4297188552
874898633
3992397002
3992397003
874898636
3992397005
3992397006
3992397007
1856595152
1856595153
1856595154
3992397011
1856595156
632697038
874898646
874898647
874898648
1856595161
1856595163
4332528861
4332528862
4332528863
4332528864
3022713040
874898658
4332528867
4332528868
4332528869
4332528870
874898663
4332528872
4332528873
4332528874
4143760935
4332528876
4332528877
4332528878
874898675
874898678
4143760937
874898680
874898683
874898684
874898685
1273521406
4206191871
4206191872
4206191873
4206191874
874898694
2461132332
4206191883
4206191884
4143760941
1451454681
1273488664
4143760943
499855578
4143760944
1273652515
4423787812
1273620803
5331723565
5331723566
4580618461
874898736
874898737
2055554074
5331723574
874898746
874898747
874898748
2058517387
874898756
874898757
1451454689
1836242386
1273527183
638346590
638346593
1836213603
1836213605
1836213606
1836213607
1836213608
1836213609
1836213610
1836213611
1836213612
1836213613
1836213614
1836213615
1836213616
874898801
1836213618
874898808
874898811
874898812
874898813
4482831299
874898815
4345079169
1451664770
1843209604
1843209605
1843209607
1843209608
1843209609
4326368650
874898829
1843209614
874898832
874898834
874898835
4334544280
1873952235
638346653
874898847
874898850
874898853
874898854
874898855
874898858
2058517405
2981914033
2981914034
874898867
2981914036
4246035358
874898870
874898875
2068555196
874898878
2068555200
874898881
2068555203
2068555206
4246035361
2068555208
2068555209
2068555212
1273619917
2068555214
2068555216
1273783761
1273832914
874898902
4206205860
874898906
2068555227
2068555228
2068555229
874898911
2068555232
3962644892
2064693931
874898918
3992462824
874898921
3992462826
874898923
4511049196
4511049197
3992462830
4511049199
4511049200
4511049201
2981914098
2981914099
874898932
874898933
874898934
4206192119
4206192120
2981914105
874898938
263393535
2981914108
874898942
2981914113
3992462850
3992462851
263398916
638363141
3992462854
638363143
3992446472
874898953
263398922
263398923
3992446476
263398925
3992446478
874898959
3992446480
263398929
874898962
263398931
263398932
263398934
263398935
316802849
697291013
874898978
874898981
874898983
874898985
874898988
1273636397
2068555314
2068555315
2068555316
5364508216
5364508219
2068555330
3962665595
874899012
2068555335
2068555338
1273849419
874899022
874899025
1943098945
107772857
107772858
2068555359
2068555360
1841915494
1273898598
2068555368
2068555370
2068555372
4234978926
1273833071
4234978929
1273816695
2068555384
2068555385
2068555386
2068555387
2068555388
2068555389
874899070
2068555391
2068555392
2068555393
638346882
638346885
638346888
638346891
4429454316
638346894
606937067
638346898
4206205891
799373677
4206205892
4234978927
4341769888
5283601849
3962693284
2053915209
3964967883
2068555439
2068555444
3962693301
3962693302
2397202103
660661944
2397202110
263388107
2068555462
3964967884
4570883786
2068555383
4570883788
2068555469
2058517453
1273816785
4206205902
3611960953
4406229967
1273964255
1399063132
2058517456
3267864290
3267864291
3267864292
3267864293
3267864294
263388113
2068555500
2058517458
2068555502
2068555504
2068555505
2068555507
2068555510
2058517460
2068555514
5087503999
4439800876
5087504000
2068555522
2068555524
316811013
5543194924
2058517463
2068555532
660664316
3992470866
4343408399
4343408400
316811025
2068555538
5497663790
670361366
4406229977
2068555544
316803403
5543194927
2053915213
2168743716
3965003558
2058517469
4139235090
3992463157
3992463159
4206205919
3992463165
2981914119
2060102877
4234978936
2057539403
4429506863
4405212319
5398488927
5398488928
5398488929
5398488930
1475219012
494413680
632694641
1273833330
494413687
494413690
494413693
2068555454
3964967890
494413697
4246035359
660664320
263399303
263399304
263399305
263399306
4429454317
462972817
4164691861
3335514006
3335514008
3335514009
3335514010
4164691870
4578584481
4578584483
3992470867
499719153
4569081772
4569081773
4334141386
4429454324
4214554076
4139235091
5489371085
5398489042
5283612323
5398489044
2981914120
4431762907
2060102878
263390885
1273833444
1451644699
4468934311
4334141388
5398489071
5398489072
5398489073
5398489074
4468934313
4341389191
5398489083
5398489084
4468934314
263388229
674940587
316811272
263390892
2053915221
4234858054
1273964565
1273882646
2981899526
4326403381
1273489450
1452746800
263401823
4406306878
4406306879
2981899527
4406306884
316811333
4406306888
1452746825
4326327991
1452746829
5433911374
2059583644
4336184151
4326327993
2981904519
4439801518
2054187107
2054187108
2054187109
2054187110
2054187111
2054187112
1452746857
2054187114
2054187115
2054187116
2054187117
2054187118
2054187119
2054187120
2054187121
2054187122
2054187123
2054187124
2054187125
2054187126
2054187127
2054187128
2054187129
2054187130
2054187131
2054187132
2054187133
2054187134
2054187135
2054187136
2054187137
2054187138
2054187139
1355562700
2054187141
2000815809
2054187144
2054187146
2054187150
2054187151
1943098964
263388234
4341770389
4341770390
2054187159
2054187161
2054187162
2054187163
2054187164
2054187165
2054187166
2054187168
2054187170
2054187171
2054187172
2054187173
2054187174
2054187175
2475239593
2054187178
2475239595
2054187180
2054187181
2054187182
2054187183
2054187184
2054187185
2054187186
2054187187
2054187188
2054187189
263121078
2054187191
2054187192
263121081
2054187194
263121083
263121084
263121085
263121086
2054187199
263121088
263399617
263399619
263399620
2054187205
2054187207
649996489
2054187210
1452746955
2054187216
2054187220
2981899532
2054187225
2054187228
2054187229
2054187231
2054187233
2054187234
4483083379
2054187236
2054187237
2054187238
649996520
649996521
3104396887
499788011
499788012
499788013
499788014
2054187247
2000840944
2000840945
2000840946
2000840947
2000840948
2000840949
2000840950
2054187255
2000840952
2000840953
2054187258
2054187259
4439800874
649996543
649996544
649996545
2054187269
3104396888
2054187273
4406307191
696764917
2054187277
2054187278
2054187280
2054187285
2054187286
5468216367
2054187292
4429506845
4429506846
4429506847
2054187296
4439812385
1273833762
2054187300
3104396889
4041049820
1273522474
4439812395
632695084
4439812398
632695087
632695088
3137944229
4439812402
4439812405
4343286739
4429506871
4439812409
1452747066
1452747068
4429506877
4429506878
2059583652
3267864289
2057539420
1452747083
1452747085
1452747088
1452747090
4041049827
1452747092
1452747096
1273964889
1452747099
316811612
316811613
316811614
316811615
316811616
316811617
316811619
1452747117
4332677492
4332677493
4332677494
4332677495
1452747128
4332677497
670402127
874948990
2059583654
263121282
263121283
263121284
263121285
263121286
263121287
263121288
263121289
263121290
263121291
4406307212
263121293
4406307214
3962644879
4406307216
4406307217
3962644882
3962644883
3023677846
3962644888
3023677849
3023677850
3023677851
874949020
3023677853
874949022
696761413
3023677856
1273874160
3962644898
3962644899
3962644900
3023677861
3023677862
1273734897
3962644904
3962644905
3962644906
3962644907
3962644908
3962644909
3962644910
3962644911
696761416
503687605
3962644918
874949047
3962644920
3962644921
3962644922
3962644923
3962644924
874949053
3962644926
3962644927
874949057
874949059
4580587861
3962644935
874949064
3962644938
3962644939
3962644940
3962644941
3023677902
3962644943
3962644944
3023677905
3962644946
3023677907
3023677908
1273478222
3962644894
874949079
3962644952
3023677913
3962644954
1273637339
4431753926
4406307298
874949097
4406307306
4406307308
1273489902
263388538
3962644895
1842938691
874949117
874949120
4569344518
4569344519
4569344520
4569344521
4569344522
263121419
2114005516
2114005519
2114005521
3962644896
4569344532
2114005526
263406760
2114005533
2114005534
819210791
2168739221
316811819
316811821
5434292398
3962644897
819210802
4332540339
874949172
912508075
819210806
3023423241
912508072
874949179
4468934410
874949182
638352480
819210819
660664758
819210829
874949201
819210839
2489451266
874949212
4570884703
4570884704
4570884705
874949218
4570884707
4570884708
819210853
4569344614
4343408401
4569344616
4569344617
1273928807
819210860
874949229
4345064046
4569344624
819210866
874949236
819210871
4337412729
649996922
649996923
649996924
649996925
4569344638
649996927
4569344640
4569344641
4569344642
819210883
4569344644
1273948807
4431551596
4569344650
4569344651
2059583663
4569344655
819210897
1273899667
5283593326
874949270
1273983428
874949274
670366831
649996958
2168739225
5283593328
874949283
4569344676
4569344677
4569344678
5468298353
4569344680
1834904233
2059583664
649996972
499722925
499722926
874867377
874867378
874867379
499722933
874867382
874867388
874867389
5049840075
874867397
819210950
874867399
874867400
874949321
819210954
499870411
819210958
874867407
494631995
5274371875
4580587870
2722622166
2722622167
874867418
696761466
874867424
819210978
4578581627
1747282660
3962644903
2209660424
819210983
874867434
819210987
701688556
819210989
874867439
819210992
1836204790
687483643
331597610
1843117184
331597611
687483654
687483655
874949385
5605501706
5605501710
5605501711
5605501712
5605501713
687483666
5605501715
5605501716
1747282710
874949399
1747282714
4139697967
874949404
819211039
1747282720
1747282721
819211045
3025940956
874949418
1273457452
874949421
5132284381
1273834288
378301236
4139707190
874949431
4139707192
874949434
874949438
1273506623
819211075
1273817924
819211080
5468298380
4139707213
4139707215
4139707217
4139707218
874949459
1273947649
874949461
4336184150
819211095
4336184152
874949465
5468298383
819211101
4569354725
639073424
2981882722
1273801571
2981882724
4326058853
2981882726
462973799
2981882728
819211116
639073426
3962645359
3962645360
3962645361
819211122
263109779
3962645364
3962645365
378301302
3962645367
3962645368
2667309945
3962645370
3962645371
3962645372
4326412778
3962645374
3962645375
819211136
2000832320
593898370
593898371
819211141
593898374
2000832321
819211145
593898380
593898381
593898382
593898383
263109784
525904786
649997203
593898389
819211161
593898395
593898396
819211165
263400353
819211176
819211188
1273785270
499723201
1836204797
817654725
499723206
817654731
819211214
4586171343
819211216
5049840120
5141191843
4042632154
4042632155
817654749
817654752
817654753
817654754
817654755
4429507557
817654760
4482935786
1836215276
817654765
1836215278
5087357935
5087357936
817654769
5087357938
817654771
5087357940
5087357941
817654774
819211255
5087357944
5087357945
5087357946
817654780
1836204799
817654784
817654785
639085570
817654787
817654788
4431506439
4431506441
817654794
4431506443
639085583
819211281
819211286
819211288
5434305561
5434305562
5434305563
639085596
819211293
819211295
819211297
4431588389
4431588391
4345062545
817654825
4332896006
1273850923
263109810
670362670
4431588399
819211313
1273932850
817654835
817654838
651815992
263109812
263388341
874949696
874949698
649997379
817654852
819211336
819211338
819211339
817654860
817654861
4483083343
4483083344
4590038097
4483083347
4483083348
817654869
4483083355
4483083357
4483083358
4483083359
4483083360
819211361
4483083362
4483083363
819211364
4511043617
4483083366
4483083370
4483083371
4483083373
3023677842
4483083375
4483083376
4483083378
4569354771
4483083380
4483083381
817654903
1273801848
1273769259
2055741340
819211388
819211390
819211391
874949762
874949765
263109825
1273949321
817654923
2059583680
2055741231
817654927
4483083409
874949781
1836204804
263109828
1355562707
4333022367
817654944
874949793
817654946
4333022371
4333022372
817654949
263122086
263122087
263122088
263122089
263122090
263122091
263122092
263122093
263122094
263122095
874949808
263122097
263122098
263122099
874949812
817654965
874949815
263389906
4345048249
817654970
499723452
817654973
4578585792
874949825
874949223
499723460
817654982
4578585799
2060102856
2988813513
2988813514
2988813515
2060102860
2060102861
2060102862
1273507023
2060102864
2060102865
2060102866
2060102867
2060102868
2060102869
263122134
263122135
4431506648
4431506649
4431506650
4431506651
2060102876
263122141
4431506654
263122143
263122144
263122145
2988813538
263122147
263122148
4578585829
2988813542
817655015
4578585832
2988813545
2988813546
2988813547
2988813548
2988813549
2988813550
2988813551
5274217712
5274217713
5274217715
874949876
2060102902
1354755319
2060102904
5274217721
1354755322
2060102908
1354755325
2060102910
2060102912
2060102914
2694672939
670361374
2981899525
2060102918
5274217735
2060102920
2981899529
2060102922
2981899531
2060102924
874949902
2060102928
4482936081
874949906
4482936083
2060102933
5274217750
2060102935
2060102937
1273474330
2060102939
874949917
263400734
5274217759
5274217760
2060102945
263400738
263400739
874949924
2060102949
2060102950
2060102951
2060102952
2060102953
2060102954
2060102955
2060102956
2060102957
2060102958
2060102959
2060102960
2060102961
5274217778
5274217779
5274217780
2060102965
2060102966
2060102967
2060102968
2060102969
2060102970
650001631
2060102972
2060102973
2060102975
2060102976
2060102977
2060102978
874949958
817655114
817655118
817655120
817655121
817655123
1655453823
1273736537
651816286
4347817311
651816288
4347817313
639102308
639102311
817655147
1273965937
462974324
317338174
462974326
462974329
462974330
1273933181
263389913
1190020125
4578581741
632696211
5087395055
4431447963
4570883787
1273818544
4429229496
4429229497
4429229498
4429229499
660664906
1273818559
4429229506
4429229508
4429229509
4429229510
4431506889
2058517111
316803597
1273687509
660663766
660663767
2981888118
4431753935
649996535
2055741349
4234858064
263384559
263384560
263384561
263384562
263384565
4234898934
4234898935
4234898936
1273622009
263384571
263384572
1273900542
5464002443
4234898949
3952782858
3952782859
3952782860
3952782861
3952782862
1358245399
2981888120
1836204817
2000853820
874949775
3023677857
2055553888
2981888121
4429405946
1273982535
670363212
639118936
4431458243
4108168799
1355562710
2057539367
4108168806
4108168807
4108168808
4108168809
4108168810
4108168811
4108168812
4343393903
4685835888
4343393905
4108168821
4108168822
4108168823
525863374
1273589372
660663941
499773065
499773066
1273704075
4388373337
1836204821
1451454112
1451454114
1273626885
1451454119
1309028010
1451454123
1451454127
1309028018
4172197555
1451454136
1451454137
1409867040
263112383
2986913483
2986913484
2986913485
2986913486
1451454159
1451454163
2168740352
1451454168
1273523930
1451454171
1451454174
4206205901
649998973
1451454197
4345048824
4345048825
4821544698
4821544699
4821544700
4821544701
4821544702
4821544703
4326046900
1451454217
1273868042
649998092
1451454224
2055741287
649998102
649998105
649998107
1273638684
1451454243
4600819493
4600819494
4600819495
4600819496
1451454250
4332646188
1451454258
1451454263
1273704248
650001317
1273737018
1451454269
378301200
1273737024
670366829
1451454275
4600819527
4600819528
1273491275
1451454291
2827667806
4325961558
4600819543
4325961560
660664975
2059583704
649998173
4417662814
606182715
1451454308
4600819558
1451454311
4600819560
4600819561
4600819571
3962644942
4471976596
1658531706
4600819580
1451454337
4600819586
499724165
499724166
1273753480
607235979
4580607005
108064653
1451454352
2986913687
2986913688
2986913689
2986913690
2986913692
2986913693
607235998
3962649925
1273929682
1273890947
1273982886
1273587697
606182727
5468811181
1273786286
4465536945
4465536946
1451454393
607236026
4431458235
4844531645
1273979875
607236032
1451454403
4431458244
4431458245
4431458246
2489451272
1451454408
4465536971
1843179469
607236047
1273622481
607236051
1273507798
870805464
3962649935
870805468
607236061
1273786336
607236067
4431753894
2988814310
2988814311
1840672744
1451454441
3022712817
3022712823
3022712824
2000859129
2000859130
660664315
2000859132
660664317
660664318
660664319
3022712832
2058517272
2988813539
606182743
2055553873
651816978
4332775427
1273868308
1273786405
2981900333
2059583711
2981900335
2981900336
2981900337
2981900339
2981900340
2981900341
2981900342
1451454519
2981900344
1273737908
2981900346
2981900347
2981900348
2055741297
1451454529
1451454531
1451454533
1273573446
1451454535
1451454536
499773518
1451454543
4341297234
1451454548
4431753913
1451454554
1451454555
1451454558
1451454559
2981867616
1451454561
4429460155
1451454564
263388518
649998438
649998439
649998440
649998441
2000813415
1451454572
649998447
649998448
4325994609
1451454578
4325994611
3023663220
4341314238
263401590
3023663223
3023663224
3023663227
3023663228
1273606269
2988813543
819211052
697286541
687485067
2166157452
2166157455
2166157456
316803096
2166157458
2166157460
2000842902
316803097
3743408005
2980047105
263388527
4325994657
4325994658
4325994659
4325994660
4325994661
4325994662
4325994663
607236264
687485097
607236269
4578554568
2988813541
4431753932
4206205917
3022713035
632697036
3022713038
3022713039
632697040
3022713041
4431753934
3022713046
3022713047
607236313
4580618458
4580618459
4580618460
1273606365
4580618462
499855585
3022713060
3022713061
2468377297
607236328
649998569
5668040940
4471976658
607236334
3022713071
817655104
3022713074
3022713075
3022713078
3022713079
3022713082
632697086
4569365888
1273934087
660664947
1273524501
1273606423
697286546
2053915465
5543194925
5543194926
2055741305
5543194928
316803489
1273737524
915282378
4343733643
1273819464
4343365004
4343365005
1273916155
263391582
4511043445
1273786712
4120129886
4120129887
4120129888
4120129892
4120129893
4406230796
2489449873
4120129897
4120129898
1273737580
2489449874
4431530045
317337971
2062508496
1273822612
4334219655
4334219657
4334219658
5437944203
2055741676
2489449881
2022135048
1273481285
4344754928
1842328269
462975784
5468303794
660664757
5049840054
5049840055
5049840056
5468303801
5049840058
5049840059
317338052
317338053
317338054
317338055
317338056
317338057
317338058
317338059
317338061
1273829317
5132284379
5132284380
607236133
5132284382
5132284383
5132284384
5132284385
632697315
5049840102
639103463
639103465
819211064
5049840115
5049840117
5049840118
5049840119
1273639416
2981904520
649998843
649998852
639090092
605041167
4483052054
5543183479
651817499
651817505
605041187
605041188
605041189
651817510
649998889
649998890
651817515
605041200
651817521
605041202
2694672949
4177393003
499774014
606182837
499774016
317338180
316802008
5049840202
660664907
660664908
660664909
263110073
874898653
660664946
5478390415
2054187113
2988813560
649998974
4406246849
1273934474
649998987
649998988
649998989
1273866967
4471976591
649998996
649999001
660664996
4337332901
4337332902
4337332903
660665116
4431753898
4431753899
4471976620
4471976621
4471976622
4471976623
4471976624
4471976625
4569344115
4431753908
1873952201
2988813562
4431753914
4431753915
4431753916
4406246858
4431753918
4341314239
4431753920
4511462176
1273793863
1873952203
4578554565
4578554566
4431753927
4431753928
4406246860
4578554571
4578554572
4431753933
4578554574
4578554575
4429460176
4429460177
4578554578
4431753940
4471976661
4429397682
4600836834
5087357939
4332761202
2055553896
4334170919
4471976684
660667858
4471976687
4429511902
4344754929
4471976690
1873952211
4471976696
4471976697
4471976698
4471976701
4471976703
4471976705
263384504
874867436
4327404297
4327404298
4327404299
4327404300
4327404301
4542247696
4542247697
4511462162
4511462163
4511462164
4511462165
4511462166
4511462167
2054187140
4511462171
4511462172
1273869085
4511462174
4511462175
4334170912
4511462177
4334170915
462975780
4334170917
4334170918
4483052327
4334170920
4578541020
649999151
380908337
4578541022
1273508663
660665145
660665146
4483052347
4483052348
4483052349
660665150
4483052351
4483052352
4483052353
4483052354
4483052355
4483052368
4483052369
4483052370
4483052371
4483052372
4483052373
4483052374
4483052375
4483052376
4483052377
4578541029
660665147
263402345
263402346
4578554731
263402349
1943098944
263402351
1273656178
4483052350
3903755071
1273705342
4261655423
4261655424
4261655425
4261655426
4214554091
4261655428
4261655429
4261655430
4261655431
263398920
4261655433
4261655434
4261655435
1273688976
1273508753
5478390417
4331186332
499774379
499774381
3023677904
1273689014
2000853393
263396852
1273869242
1273983934
4271567809
4271567810
638350279
2991846348
1396409135
4141446104
1273934812
1273492447
1273476064
649999333
660673361
2475239591
5368510204
3063641077
544355319
5364511737
544355322
544355323
544355324
544355325
4333955243
2000811014
2000811015
2000811016
2475239596
1273961987
1273689111
499774489
548735981
499774491
4191092703
4332633607
3453285425
4331186355
495350837
1273986570
4341838911
4326389014
2054187190
638350406
638350407
638350408
263121079
263121080
4341838933
4341838934
4341838935
4341838936
5433911482
2057539415
649999455
1397486688
3992446474
262730858
262730859
1273820269
799373795
1273557744
263121087
3022731901
3992446475
263402347
4405212292
1273945622
4405212294
1273672839
611484229
1836247235
263402350
2055741334
1273967768
4405212317
4405212318
263399621
4405212320
4405212321
4405212322
1273705635
3023677912
4405212326
4405212327
799341063
638350507
638350508
638350509
638350511
309998768
309998769
309998770
309998771
309998772
309998773
1273607350
1397486776
316802428
3022731903
3992446477
1273590975
4405212354
4405212355
4405212356
309998790
1397486793
1273738451
1273623767
1273672921
4578541093
4405212385
495351015
1832795687
874949287
2000859131
3313153268
4261655422
4578541097
3992446479
606937355
4578541099
1397486852
4326389004
4326389006
4326389007
4261655427
4326389021
4326389013
3022731906
4326389015
5434293807
5273105692
5273105693
1397486886
1832795697
874949289
1397486892
2000829609
1273940189
4261655432
697283891
3992446481
2981882725
1273836861
499856706
638350660
638350661
638350662
1397486920
2397205834
1397486923
1397486926
316802433
2397205841
2397205842
2397205843
2397205844
4431551594
2397205847
2397205848
1397486941
1273673054
1397486943
1397486945
4590009915
499774823
1832795708
1397486955
1397486956
1397486960
1397486961
2073408882
2073408883
2073408884
2073408885
2073408886
2073408887
2073408888
2073408890
2073408891
2073408892
649996522
2073408894
649999743
1397486976
649999745
649999746
649996523
1832795713
2073408906
1273820560
1397486994
1639104067
309998999
1397487000
2000840943
309999004
1428455574
263388741
874949293
495351202
1273869732
2053915337
4590009927
5664634287
874898556
4590009929
1397487042
670348741
1273673158
1273984456
4467032420
2000840951
4590009933
1273869776
649996536
1273984469
649996537
4590009935
2000840954
4326413221
263397622
1397487074
2000840955
1354755316
4431551599
1397487092
1832795732
2054187263
1397487100
1273591294
5398609493
2980047104
3374708226
1397487108
5274217716
1397487110
2981869063
2981869064
2981869065
1397487114
1397487118
1273673239
5325141531
5325141532
1832795739
1273607721
4439801437
499775029
2981869114
263397625
4325766716
4325766717
263386686
4325766720
4325766721
4325766723
4325766726
1273527905
4325766728
4325766731
1273689677
2055741667
4325766737
674936407
263397626
1273984602
263403099
4429444700
263403101
263403102
263403103
4325766752
4325766753
4325766754
4325766755
4325766756
4325766757
4325766765
1273902708
649999742
4429444728
4325766777
4429444730
4429444731
4429444736
4429506838
4985426883
4429444756
4429444757
4429444758
4429444761
4429444763
2114005515
1273624226
263403171
639121074
263397629
639121077
2054187295
639121086
1273722559
4429506848
639121090
639121092
2054187297
639121097
2054187298
639121102
639121104
263397630
2981882739
263390538
5368510173
4431450132
1428542703
2429826786
2429826787
2429826788
2429826789
4270651110
4429501393
1832795773
263403252
2981882740
638351098
638351099
3962697468
638351101
638351102
1832795776
2054187307
4465407750
1273697880
4465407753
4465407754
263398926
5433888589
670349073
670349074
3962697491
4139235092
4139235093
4139235094
4139235095
4139235096
4139235097
4139235098
4139235099
4139235100
4139235101
4139235102
4139235104
263111211
4139235106
4429501403
4139235109
308131622
4139235111
4139235112
4139235113
4139235114
4139235115
4337268535
4337268536
2991846367
1452747061
1273591616
263386945
3022712830
263397634
499726159
638357937
4344645283
2059583772
4431613260
5468298351
263111213
4124275685
4308219748
1832795794
2055741686
2030450551
2030450554
263111214
5478397821
5478397822
5478397823
1273870210
3025942407
4466988012
2030450601
4429228355
4466988015
1273870239
2030450594
1399076772
2030450598
1273558952
4511053737
5049825194
308131755
308131756
308131757
308131758
308131759
308131760
4206278582
263111216
5398673337
5398673338
1399076796
4511053758
4511053759
4511053760
4511053762
4511053763
4511053765
5276507809
5398673352
5398673353
1399076813
1399076816
4206278614
544355321
1399076824
1399076831
4143584251
1399076840
1399076843
1399076844
1273870317
2064693235
494548981
5398673399
5398673400
1273804793
5398673403
2468377296
5398673405
1399076862
5398673407
5398673408
1832795819
650000390
1273870343
1355562668
4405213198
3496228881
650000403
4405213205
4405213206
2064693275
4405213213
1355562672
1399076899
1909471268
1909471270
1355562673
503691309
2064693294
2827667805
1355562675
1273591861
1273467913
2887117152
1399076931
1355562678
2064693318
1832795831
3962645362
1399076946
1273591907
1399076968
874903657
1399076970
3022712826
874903660
874903661
1355562685
660657171
5543183482
4332896004
1399076983
660666489
5387974778
4429501461
4429501462
1832795841
660657175
1355562690
4429501464
5543183483
4332896005
2055741688
5434292385
5434292386
5434292387
5434292388
5434292389
5434292390
5434292391
5434292392
5434292393
5434292394
5434292395
4154292396
5434292397
4154292398
4154292399
4154292400
4154292401
4154292402
4154292403
4154292404
4154292405
4154292406
1355562697
4429501471
1355562698
4466988064
4406307190
4465408200
1273641161
4465408202
1273610445
263403724
263403725
263403726
3672981197
4332677496
2058517205
1273822926
799373528
1355562703
799373532
4332677498
4124342496
4578574032
799373538
4124342499
4429501478
799373542
4578574033
4578574034
4334041326
4334041327
4334041328
4334041329
4334041330
1832795859
799340788
4334041333
799340790
799340792
1355562708
799340794
4578574037
4511462173
4346558725
4346558726
799340808
3992441900
799340810
799340811
1273968908
799340816
799340820
263122139
799340823
1273755931
1836204822
799373597
4346558750
4346558752
263387426
263387427
263387428
799340838
799340840
263387433
263387434
263387436
263387437
1273690414
2055741149
799340850
799373619
799340852
799340855
3992453062
799373625
799340858
799373627
799340860
874949002
799340865
4172183874
799340871
1273675531
263121292
799373643
799340876
4406307213
799340882
2055741155
799340885
799340886
799340888
4580587866
1273755995
799340893
799373662
1856633183
5485869408
3962644880
3992441915
263398930
1856633189
3962644881
799373673
799340906
1856633195
799340909
660666734
660666735
660666736
660666737
660666738
660666739
660666740
660666741
660666742
660666743
660666744
5489391993
5489391994
5489391995
660666748
660666749
799340926
799340928
660666753
799340930
660666755
874949014
5489392006
3992441921
1273845204
638351759
2064693648
638351761
3992441923
638351764
2000854766
638351766
3962644889
548738116
4580587996
3962644890
799340958
3992441925
4206198512
2055741377
3962644891
799340964
660667859
3023677852
4334273566
799340973
2064693678
3962644893
639121840
639121842
2981920499
799340980
2064693685
2064693686
799340984
1273805241
799340986
2064693691
4429397673
2064693694
5433313696
2064693698
2064693699
2064693701
2064693703
650000840
2064693705
2064693706
2064693707
1273854414
4143584333
799373776
2064693714
799341011
2000861653
650000854
650000855
2064693720
499796388
4143584338
2064693723
799341020
2055741178
2064693726
2064693727
799341024
650000866
2053915373
650000868
650000869
799341031
650000874
650000875
2064693740
2064693741
263387630
263387632
263387633
263387634
263387635
263387636
263387637
263387638
2064693751
2064693753
650000890
799373819
650000893
799341054
2981919233
2981919234
799341059
650000900
1355562667
799373830
1273952775
799373833
799373836
1273461261
2064693777
5433932306
799341076
5434001838
2064693784
2064693785
5434001839
5433932316
5433932317
2064693790
650000927
5274217751
4344613296
2461127771
2064693797
2064693798
2064693799
799341096
2461127772
799341100
650000941
1397486685
2986883632
4332896008
2064693810
799341107
2064693812
2461127774
4406230793
2064693817
1397486687
4406230794
799341118
2064693824
5481855554
4406230795
4334500422
2064693833
3962644919
4406230797
799341139
503693070
799341143
2064693848
639122009
639122010
639122011
639122012
639122013
799341151
799341153
2064693858
2064693859
2064693863
2064693864
2064693865
632683116
4406247186
1273592430
3962644925
2064693873
2064693876
2064693877
2064693878
4431559287
2064693880
2058517113
3962665594
2064693883
2064693884
263387773
2064693886
2064693887
263387776
2064693889
263387778
3022731907
3022731908
3022731909
3022731912
2064693897
2064693898
2064693900
2064693901
2064693902
2064693903
2064693904
4261657233
2064693906
3962644931
2064693908
2064693909
1399063300
2064693911
2064693912
2064693913
4405213850
1273566319
2064693916
2064693918
316803525
2064693920
5078127728
2064693922
2064693923
316803526
2064693926
5078127729
2064693928
2064693929
2064693930
589642411
2064693932
2064693933
2064693934
2064693935
2064693936
2064693937
2064693938
2064693939
2064693940
2053915380
2064693942
2064693943
2064693944
2064693945
2064693946
2064693947
499796426
4337363110
499858113
494746306
3023677899
494746312
3023677900
499858122
499841740
494746320
263387857
263387858
494746323
1273489870
2058517209
494746330
3023677903
494746333
494746336
494746337
494746338
2055741222
3962644945
606182724
2055741223
3023677906
499727087
499727088
2055741692
1273743827
4041049828
494746360
494746363
494746364
3023677909
1273508647
494746371
3023677910
2058517254
494746375
2055741228
494746378
3962644951
589642509
2058517265
5087394579
5087394580
5087394581
5087394582
5087394583
589642520
1273805593
5087394586
2058517275
2058517276
3023677914
5087394590
5087394591
5087394592
2058517282
2058517283
2058517284
2058517285
2058517286
2055741233
2055741390
2058517290
494746411
589642541
2058517294
2058517295
494746416
494746417
494746418
2058517299
1273609012
2058517301
2058517302
4468934306
3450829628
1334721342
2058517311
2058517312
2058517313
494746434
2058517317
2058517318
2058517319
2058517320
2058517321
2058517322
4042685260
2058517326
1396409248
2058517331
2058517335
499796452
2058517344
4045804688
2058517346
2058517349
2058517352
1273920361
2058517355
2058517357
4261657238
589642608
2058517361
2058517362
2058517363
1273969524
2059583646
589642628
589642633
674941933
4332528865
2058517391
4468934309
2058517394
5254740884
5254740885
263388054
5254740888
263388059
650001309
650001310
2058517407
2055741394
2058517409
2055554020
2058517413
2058517416
4332528866
2058517422
2058517423
2058517424
2058517428
1273690282
650000878
5359926202
2058517435
1273969597
1396409136
650001345
589642691
3992462827
589642694
108067785
108067787
263388108
263388109
263388110
263388111
263388112
2058517457
263388114
263388115
263388116
2058517462
4406229975
2058517464
2058517465
2058517466
2058517468
1396409137
2058517470
263388127
263388128
4439800804
1355562683
4439800807
638352372
4439800826
4439800827
309998763
4431559689
4431559690
5398631921
4431559692
3964959757
3964959758
309998765
696761363
696761365
1273478606
696761369
696761372
2055741694
2055741275
4439800870
4439800871
4439800872
4439800873
696761386
4439800875
696761388
4439800877
4439800878
4439800879
1625205256
1273723957
4177951798
696761401
1399063314
2055741279
696761405
4560312094
263388227
263388228
4468934315
263388230
263388231
263388232
263388233
3885220098
263388235
263388236
263388237
263388238
263388239
263388240
263388241
263388242
263388243
263388244
263388245
263388246
2489449875
638352479
4560312095
4468934316
263388265
263388266
5283593323
5283593324
263388269
696761454
696761455
696761456
5283593329
696761458
650001523
696761460
696761461
696761462
650001527
4580621433
650001530
650001531
650001532
670366848
1843117186
2000829579
263388302
263388303
263388304
263388305
263109778
639073427
263109780
639073429
263387859
263109783
263388312
263109786
263109788
263109789
263109790
263109791
263109792
263109793
263109794
2000829605
5087369931
2000829607
263109801
263109802
263388332
263388333
263388334
263388335
263388336
263388337
263388338
263388339
263388340
263109813
1273609797
263109815
1335966904
263109817
263109818
263109819
409484476
263109821
1273822398
263109823
263109824
639122625
263109826
263109827
1335966916
263109829
263109830
263109831
263109832
638352528
670366830
2053915398
650001621
4429511894
1570766713
4429511896
696761562
4429511900
4429511901
650001630
4429511903
650001632
650001633
650001634
606936955
697291011
606936956
5087395050
5087395054
606936957
1273986291
5087395060
4406247296
696761449
799373818
1273491162
3743408003
4560312101
263121082
799341135
263404830
263404831
263404833
263404834
1273593123
1396409148
874904875
874904876
874904877
4569365810
4569365812
3962649922
3159457092
1396409149
3962649926
687447948
2059583537
1273593163
3962649933
3962649934
2055741696
3962649936
3962649937
3962649938
3962649939
3962649940
3962649941
3962649942
3962649943
3962649944
3962649945
3962649946
3962649947
4569365855
4569365856
4569365857
4569365858
4569365861
1399063324
263388519
263388520
263388521
263388522
263388523
263388525
263388526
4332540338
263388528
263388530
263388531
263388532
263388533
263388534
263388535
263388536
687447956
4884102522
263388539
263388541
263388542
263388543
263388544
263388545
606936982
494615946
606936983
2489449868
2489449869
2489449870
2489449871
2489449872
687447960
4578573714
639090067
2489449876
2489449877
2489449878
2489449879
2489449880
696761450
2489449882
2489449883
639090076
263390050
494615970
639090083
639090087
494615977
494615979
494615980
4578573746
4578573747
4578573752
4578573753
2055741343
5054635936
660657173
499858124
4578573766
4578573769
1873952202
4406246859
1873952204
1873952205
4406246862
1873952207
1873952208
1873952209
1873952210
309998764
1873952213
1873952214
1873952215
1873952216
1873952217
1873952218
4214554075
1396409154
4578541021
2461138398
2461138399
2461138400
1873952225
1873952226
1873952227
1873952228
1873952229
1873952230
4214554087
1873952232
263121089
687447975
1873952236
1873952237
2055741352
4214554099
4471963852
1273921015
4334337530
639122940
2055741354
4214554111
4206183255
2209660421
2209660422
2209660423
3355971290
2209660425
4578541066
1832795717
4141448722
263388692
263388693
4332633627
4332633628
4332633629
1832795678
4578541087
1832795681
4578541090
1832795683
1832795685
4578541094
4578541095
4578541096
1832795689
2060102916
1832795691
1832795693
4590009902
1832795695
4578541104
4578541105
1832795699
1832795701
1832795702
1399063331
1832795707
4590009916
4590009917
1832795710
1639104063
1832795712
263388737
263388738
263388739
263388740
1273560645
4578541126
4578541127
1832795721
1832795719
1832795723
4578541132
4578541133
4578541134
4578541135
494746321
1832795730
5398609491
4406247126
4482962702
1832795734
5398609495
5398609496
1832795737
5398609499
1832795740
494379565
1832795743
4439801440
1832795745
4429444699
1832795747
4578541156
4578541157
4578541158
4578541159
4569344615
4471963856
639123058
1273888891
1832795765
1832795767
1832795770
2055741698
4406247037
639073918
639073919
4406247040
1832795778
639123075
1273659012
1832795781
4406247047
4471963273
1832795786
1832795788
4439801485
1832795790
4439801487
1832795792
4439801489
4439801490
1832795795
4569344622
494600132
4406247067
4406247068
4406247069
4406247070
4406247071
4406247072
4429397668
4429397669
4471963858
1355562665
1355562666
4439801515
4439801516
1355562669
4429397678
5283593325
4429397680
494600136
1355562674
1832795827
1355562676
1355562677
1832795830
1355562679
1355562681
1355562682
1832795835
1634140106
1355562686
1355562687
1355562688
1273675457
3672981186
1355562691
1355562692
1355562693
1355562694
1355562695
3672981192
3672981193
1832795850
2166147963
1832795852
1832795853
1355562702
1832795855
1355562704
1832795857
1355562706
4578574035
4578574036
1355562709
4578574038
649996921
1355562712
1355562713
1355562714
4206198491
4206198492
4206198493
4206198500
4206198501
5283020521
1396409163
5283020523
5283020524
674938834
5283020526
819210877
4578541296
4578541297
4578541298
4578541299
649996926
4336221944
4406247161
4406247162
4569344639
5283020540
4332896003
503693060
4406247173
4406247174
4332896007
4206198536
4406247177
4406247178
4769038091
4406247180
4769038093
4769038094
4769038095
4406230800
4406230801
4406230802
4569344643
503693077
1273708310
1832795726
674938655
674938657
1273986850
5283020584
3384631260
4499328859
819210887
5283020588
1355562711
874949920
4578541091
4331503412
263388981
4333043231
4578541371
4578541372
4578541374
4578541376
4578541377
4578541379
2053915419
4578541391
4578541392
4578541393
1273675603
4853891032
1832795728
638353380
593898344
4341628773
4499328861
4085923693
4085923694
263397631
4334124917
697286518
697286519
697286521
4124342503
4560606181
2055741418
4406247294
5283020671
4334124928
2055741419
697286533
4406247303
4406247304
697286537
697286539
1273593741
697286542
697286543
697286544
494600082
697286548
697286550
1355562715
2055741425
606937075
263407223
2059583435
494600119
494600120
4467034687
494600122
494600123
494600125
4054002336
1273724868
494600133
494600134
3992453063
3992453064
3992453065
3992453066
4334141387
3992453068
3992453069
1634140111
3992453072
3992453073
3992453074
2059583443
3992453076
2059583446
2059583447
2059583448
1273651148
2059583451
1273872351
1355562717
638353379
1273692132
2059583461
2059583462
2059583463
4578585826
2059583466
2059583467
2059583468
2059583469
2059583470
2059583471
2059583473
5433932305
2059583477
2059583479
4120526840
2059583482
2059583485
